# ROI	Structure	hemisphere_assignment	parent_structure_id	structure_id	GN_Symbol	ARA_abbrev	id64_fSABI	id32_fSABI	ontology_volume	centroid_PA	centroid_IS	ontology_level	ontology_order_GN_Symbol	ontology_most_child	length_of_bar	start_of_bar	L_Vertex	R_Vertex
# 1	2	3	4	5	6	7	8	9	10	11	12	13	14	15	16	17	18	19
1	CER__Cerebrum_telecephalon_uncharted_left	-1	567	-160327		CH	14279248368421175656	2203189608	2.761043625	0.0863906314365099	-3.91145447794672	3	CER-GRY-BRN	1	1	180	1	181
3	OFB__Olfactory_bulb_uncharted_left	-1	-149590	-178244		OB	04539750277194769094	288154310	10.962428625	4.20013761084465	-2.33864439706329	7	OFB-OFC-CTP-CCX-CER-GRY-BRN	1	1	179	3	183
4	AON__Anterior_olfactory_nucleus_left	-1	-149590	159	AON-L	AON	17991483938764427524	3224572164	2.56248225	2.48308708943252	-3.62815485858488	7	OFB-OFC-CTP-CCX-CER-GRY-BRN	1	1	178	4	184
12	PIC__Piriform_cortex_left	-1	698	961	PIC-L	PIR	13666731246423309018	3217750746	6.125544	-0.237451809280122	-4.92409628887655	6	OFC-CTP-CCX-CER-GRY-BRN	1	1	177	12	192
44	COA__Cortical_amygdala_left	-1	698	-163610	COA-L	COAz	09113308264830950225	501308241	2.4923835	-2.34141955005119	-5.81117451969169	6	OFC-CTP-CCX-CER-GRY-BRN	1	1	176	44	224
5	FRP__Frontal_pole_left	-1	315	184	FRP-L	FRP	08358930381359621812	4079560372	0.5034015	2.8016091876961	-1.37736380702084	6	NCX-CTP-CCX-CER-GRY-BRN	1	1	175	5	185
6	ORB__Orbital_cortex_left	-1	315	714	ORB-L	ORB	14128077616742528541	420869661	2.619513	2.26334455106732	-2.33706766458117	6	NCX-CTP-CCX-CER-GRY-BRN	1	1	174	6	186
7	PLC__Prelimbic_cortex_left	-1	315	972	PLC-L	PL	13063758872895005389	3930301133	1.2183615	1.88727807233321	-1.53374706644949	6	NCX-CTP-CCX-CER-GRY-BRN	1	1	173	7	187
8	ILA__Infralimbic_cortex_left	-1	315	44	ILA-L	ILA	13530253550126261550	3762185518	0.403072875	1.5889235235998	-2.44762864547137	6	NCX-CTP-CCX-CER-GRY-BRN	1	1	172	8	188
15	MOS__Motor_cortex_secondary_M2_left	-1	500	993	MOS-L	MOs	13192064731842672313	2742089401	6.922648125	1.31860139653025	-1.07279653292901	7	SMC-NCX-CTP-CCX-CER-GRY-BRN	1	1	171	15	195
14	MOP__Motor_cortex_primary_M1_left	-1	500	985	MOP-L	MOp	01486639101222946877	3516500029	5.772873375	0.577409423138871	-1.48136613531516	7	SMC-NCX-CTP-CCX-CER-GRY-BRN	1	1	170	14	194
10	AIC__Agranular_insular_cortex_left	-1	315	95	AIC-L	AI	04913469834433719708	537193884	3.56836725	0.878988323020844	-3.52866011156783	6	NCX-CTP-CCX-CER-GRY-BRN	1	1	169	10	190
11	GUS__Gustatory_cortex_left	-1	315	1057	GUS-L	GU	12514691646919797573	1211362117	0.774208125	0.373865003596416	-3.48337752566534	6	NCX-CTP-CCX-CER-GRY-BRN	1	1	168	11	191
9	ACC__Anterior_cingulate_cortex_left	-1	315	31	ACC-L	ACA	11854974972386898981	1380217893	2.58051825	0.202510946928975	-1.31284985443331	6	NCX-CTP-CCX-CER-GRY-BRN	1	1	167	9	189
16	SSP__Somatosensory_cortex_primary_uncharted_left	-1	322	-178706		SSp	17725401437389281909	2965985909	8.738587125	-0.636233884569469	-1.4832025676934	8	SSP-SSC-NCX-CTP-CCX-CER-GRY-BRN	1	1	166	16	196
17	SSB__Somatosensory_cortex_barrel_field_left	-1	322	329	SSB-L	SSp-bfd	16652110007374110956	910352620	2.940759	-2.15402651216064	-1.29766172406511	8	SSP-SSC-NCX-CTP-CCX-CER-GRY-BRN	1	1	165	17	197
18	SSS__Somatosensory_cortex_secondary_left	-1	453	378	SSS-L	SSs	13564356039515784928	1849902816	4.437919125	-1.28423036163655	-2.67125599856724	7	SSC-NCX-CTP-CCX-CER-GRY-BRN	1	1	164	18	198
13	VRC__Visceral_cortex_left	-1	315	677	VRC-L	VISC	13788074968667031909	3017443685	1.097553375	-1.38622042213892	-3.69076558343917	6	NCX-CTP-CCX-CER-GRY-BRN	1	1	163	13	193
19	PPC__Posterior_parietal_cortex_left	-1	315	22	PPC-L	PTLp	17656060239765235785	68872265	1.195489125	-3.04042594411932	-0.778214159884141	6	NCX-CTP-CCX-CER-GRY-BRN	1	1	162	19	199
22	ECT__Ectorhinal_cortex_left	-1	315	895	ECT-L	ECT	08761489905939094347	715889483	0.670312125	-3.13995371605802	-3.74792352135582	6	NCX-CTP-CCX-CER-GRY-BRN	1	1	161	22	202
20	AUC__Auditory_cortex_left	-1	315	247	AUC-L	AUD	17950505116928529265	1230721905	2.7202905	-3.20835920557014	-2.50557434256562	6	NCX-CTP-CCX-CER-GRY-BRN	1	1	160	20	200
24	RSC__Retrosplenial_cortex_left	-1	315	254	RSC-L	RSP	08436255894617562682	4177108538	4.75418025	-3.40896628038556	-0.773165558273691	6	NCX-CTP-CCX-CER-GRY-BRN	1	1	159	24	204
23	PRC__Perirhinal_cortex_left	-1	315	922	PRC-L	PERI	13603563751060946571	626933387	0.363720375	-3.41943023967931	-3.93057179244495	6	NCX-CTP-CCX-CER-GRY-BRN	1	1	158	23	203
21	TAC__Temporal_association_cortex_left	-1	315	541	TAC-L	TEa	11947425650055046784	468444800	1.298068875	-3.56253516521802	-3.08015273924698	6	NCX-CTP-CCX-CER-GRY-BRN	1	1	157	21	201
25	VCS__Visual_cortex_secondary_extrastriate_left	-1	669	-263982	VCS-L	VIS	17841833120244959674	1509951930	2.9009475	-4.37562145449892	-1.60920385322382	7	VCX-NCX-CTP-CCX-CER-GRY-BRN	1	1	156	25	205
26	VCP__Visual_cortex_primary_left	-1	669	385	VCP-L	VISp	01371160298029154386	3190128722	3.12672825	-4.55607021192999	-1.16814711615888	7	VCX-NCX-CTP-CCX-CER-GRY-BRN	1	1	155	26	206
30	HIP__Hippocampus_uncharted_left	-1	1080	-783175		HIP	13071470852011149876	4194257460	0.06028425	-1.0926318441384	-1.80700772589856	7	HIP-HPF-CTP-CCX-CER-GRY-BRN	1	1	154	30	210
29	HPO__Hippocampus_uncharted_left	-1	-364039	-254609		HI	00221445126895169299	1842605843	0.186958125	-2.53233265637693	-2.65395193609532	8	HPO-HIP-HPF-CTP-CCX-CER-GRY-BRN	1	1	153	29	209
32	CA3__CA3_of_hippocampus_left	-1	375	463	CA3-L	CA3	12116643641648971684	41648036	2.906242875	-2.74940280789076	-3.17534825614411	9	CAH-HPO-HIP-HPF-CTP-CCX-CER-GRY-BRN	1	1	152	32	212
31	CA1__CA1_of_hippocampus_left	-1	375	382	CA1-L	CA1	13862886035936740852	2780530164	5.264740125	-3.18016956766456	-2.69378374797987	9	CAH-HPO-HIP-HPF-CTP-CCX-CER-GRY-BRN	1	1	151	31	211
34	DGG__Dentate_gyrus_granule_cell_layer_left	-1	726	632	DGG-L	DG-sg	13442214060748515551	3853330655	0.82904175	-3.17323609154786	-2.74402710855636	9	DGY-HPO-HIP-HPF-CTP-CCX-CER-GRY-BRN	1	1	150	34	214
33	DGY__Dentate_gyrus_uncharted_left	-1	726	-287090		DG	12421958909338009069	1301757421	2.208988125	-3.22200421304325	-2.84111570017494	9	DGY-HPO-HIP-HPF-CTP-CCX-CER-GRY-BRN	1	1	149	33	213
35	DGH__Dentate_gyrus_hilus_left	-1	726	10704	DGH-L	DG-po	06046802146195717440	3205545280	0.300742875	-3.32358053058613	-3.08990827525839	9	DGY-HPO-HIP-HPF-CTP-CCX-CER-GRY-BRN	1	1	148	35	215
28	SUB__Subiculum_left	-1	822	-249921	SUB-L	SUBR	08440110687579252371	3861096083	2.847234375	-4.33571440213365	-2.94348397392206	7	RHP-HPF-CTP-CCX-CER-GRY-BRN	1	1	147	28	208
27	ENT__Entorhinal_cortex_left	-1	822	909	ENT-L	ENT	17468657329696695486	3617088702	5.61830175	-4.46603356677131	-4.12436773329681	7	RHP-HPF-CTP-CCX-CER-GRY-BRN	1	1	146	27	207
36	CLA__Claustrum_left	-1	703	583	CLA-L	CLA	11261757641239544541	1218429661	0.25118775	0.577212331712037	-3.66372297315454	5	CTS-CCX-CER-GRY-BRN	1	1	145	36	216
45	EPF__Endopiriform_nucleus_left	-1	703	942	EPF-L	EP	10548637946632276484	3375958532	1.30717125	-0.916402700679042	-4.63621735818853	5	CTS-CCX-CER-GRY-BRN	1	1	144	45	225
42	BMA__Basomedial_amygdala_left	-1	703	319	BMA-L	BMA	01690884210714654348	536262284	0.7400565	-1.69273921906638	-5.38754100311936	5	CTS-CCX-CER-GRY-BRN	1	1	143	42	222
41	BLA__Basolateral_amygdala_left	-1	703	295	BLA-L	BLA	06584224615248708812	558384332	0.93690675	-1.99012265761774	-5.08414808610889	5	CTS-CCX-CER-GRY-BRN	1	1	142	41	221
40	LAA__Lateral_amygdala_left	-1	703	131	LAA-L	LA	05144490597655270340	529814468	0.420174	-2.12207725549415	-4.38049331705436	5	CTS-CCX-CER-GRY-BRN	1	1	141	40	220
43	PAN__Posterior_amygdalar_nucleus_left	-1	703	780	PAN-L	PA	00144736768808668356	180833476	0.45546975	-2.69934681447011	-5.36450964032189	5	CTS-CCX-CER-GRY-BRN	1	1	140	43	223
50	OTU__Olfactory_tubercle_left	-1	493	754	OTU-L	OT	03653469552743283009	2297952577	1.894262625	1.10232844049937	-5.48250665997937	6	STV-STR-CEN-CER-GRY-BRN	1	1	139	50	230
48	NAC__Nucleus_accumbens_left	-1	493	56	NAC-L	ACB	03545422898213417260	1787556140	1.9983375	1.10176693970613	-4.49663641276811	6	STV-STR-CEN-CER-GRY-BRN	1	1	138	48	228
49	FST__Fundus_of_striatum_left	-1	493	998	FST-L	FS	17642720241956694921	3177982857	0.198072	-0.0976843647764465	-4.87498190430752	6	STV-STR-CEN-CER-GRY-BRN	1	1	137	49	229
55	LSN__Lateral_septal_nucleus_left	-1	275	242	LSN-L	LS	01356095028517374575	1483967087	1.402714125	0.263821775472247	-3.0454057718728	6	LSX-STR-CEN-CER-GRY-BRN	1	1	136	55	235
46	STR__Striatum_uncharted_left	-1	477	-530681		STR	05255907339203838938	3315401690	1.229536125	-0.0275265435470633	-3.94657380862844	5	STR-CEN-CER-GRY-BRN	1	1	135	46	226
47	STD__Striatum_dorsal_left	-1	477	485	STD-L	STRd	01410848337585277496	2310572600	12.052688625	-0.182856110481531	-3.27715211288075	5	STR-CEN-CER-GRY-BRN	1	1	134	47	227
38	SLA__Striatum_like_amygdalar_nuclei_uncharted_left	-1	278	-199964		sAMY	03429220304561705058	3186954338	0.333203625	-0.661729542070557	-5.29649143091556	6	SLA-STR-CEN-CER-GRY-BRN	1	1	133	38	218
37	CEA__Central_nucleus_of_the_amygdala_left	-1	278	536	CEA-L	CEA	03126856050256677225	3411315049	0.655927875	-1.37501802170322	-4.6557906472377	6	SLA-STR-CEN-CER-GRY-BRN	1	1	132	37	217
39	MEA__Medial_amygdala_left	-1	278	403	MEA-L	MEA	07009226014398245146	1923246362	0.897955875	-1.55264190354844	-5.33442324692458	6	SLA-STR-CEN-CER-GRY-BRN	1	1	131	39	219
54	MSN__Medial_septal_nucleus_left	-1	826	904	MSN-L	MSC	13329671761947582638	124838062	0.504572625	0.560121452412327	-4.65331334822713	6	PAM-PAL-CEN-CER-GRY-BRN	1	1	130	54	234
53	SIN__Substantia_innominata_left	-1	835	342	SIN-L	SI	10880776361777634555	3292077307	1.413703125	0.352057708146821	-4.98042988361683	6	PAV-PAL-CEN-CER-GRY-BRN	1	1	129	53	233
57	NBM__Nucleus_basalis_left	-1	835	298	NBM-L	MA	01210398922638143825	1012707665	0.160245	-0.0372650589721992	-5.34929633529907	6	PAV-PAL-CEN-CER-GRY-BRN	1	1	128	57	237
56	BST__Bed_nucleus_of_the_stria_terminalis_left	-1	809	351	BST-L	BST	06457119680999536653	2049521677	0.703711125	-0.14097081872551	-4.0590284954462	6	PAC-PAL-CEN-CER-GRY-BRN	1	1	127	56	236
51	GPE__Globus_pallidus_external_left	-1	818	1022	GPE-L	GPe	18092980510543123898	3808236986	0.63978525	-0.984134101051877	-3.83080843083675	6	PAD-PAL-CEN-CER-GRY-BRN	1	1	126	51	231
52	GPI__Globus_pallidus_internal_left	-1	818	1031	GPI-L	GPi	13210887325290732816	799677712	0.1444095	-1.43705221090025	-4.28497050574928	6	PAD-PAL-CEN-CER-GRY-BRN	1	1	125	52	232
68	PTT__Paratenial_nucleus_of_the_thalamus_left	-1	571	15	PTT-L	PT	15855841261082002088	2110145192	0.11637	-0.710106293503479	-3.49814269141531	7	MTN-TPA-THA-DIE-BRS-GRY-BRN	1	1	124	68	248
70	NRT__Nucleus_of_reuniens_of_the_thalamus_left	-1	571	181	NRT-L	RE	02224978770619269999	1200358255	0.2178765	-1.1239923477291	-4.14465628291716	7	MTN-TPA-THA-DIE-BRS-GRY-BRN	1	1	123	70	250
69	PVT__Paraventricular_nucleus_of_the_thalamus_left	-1	571	149	PVT-L	PVT	03930659584031441760	4012753760	0.199513125	-1.26076516112662	-3.12014805886831	7	MTN-TPA-THA-DIE-BRS-GRY-BRN	1	1	122	69	249
61	AVT__Anteroventral_thalamic_nucleus_left	-1	239	255	AVT-L	AV	11729105351859069477	2393989669	0.197650125	-0.954793683725219	-2.94640072229906	7	ANT-TPA-THA-DIE-BRS-GRY-BRN	1	1	121	61	241
59	AMT__Anteromedial_thalmic_nucleus_left	-1	239	127	AMT-L	AM	01431818455476854403	2508971651	0.21581775	-0.956724110968629	-3.52531535983486	7	ANT-TPA-THA-DIE-BRS-GRY-BRN	1	1	120	59	239
60	ADT__Anterodorsal_thalamic_nucleus_left	-1	239	64	ADT-L	AD	00578169272306554937	3487619129	0.05391225	-1.04939182421435	-2.64592393890071	7	ANT-TPA-THA-DIE-BRS-GRY-BRN	1	1	119	60	240
62	LDT__Lateral_dorsal_nucleus_of_the_thalamus_left	-1	239	155	LDT-L	LD	13923214506755779251	1455319731	0.3733155	-1.65543078508661	-2.4774332079702	7	ANT-TPA-THA-DIE-BRS-GRY-BRN	1	1	118	62	242
84	RTT__Reticular_thalamic_nucleus_left	-1	856	262	RTT-L	RT	09942652334872969894	3243229862	0.762976125	-1.34196615383935	-3.45595259148836	6	TPA-THA-DIE-BRS-GRY-BRN	1	1	117	84	264
76	MDT__Mediodorsal_nucleus_of_thalamus_left	-1	444	362	MDT-L	MD	03201241001733717934	3972071342	0.627571125	-1.75410322565032	-3.11974341882364	7	MED-TPA-THA-DIE-BRS-GRY-BRN	1	1	116	76	256
86	MHB__Medial_habenula_left	-1	958	483	MHB-L	MH	16124811238831237229	2294491245	0.119046375	-1.98290186544949	-2.40198496016783	7	EPI-TPA-THA-DIE-BRS-GRY-BRN	1	1	115	86	266
85	LHB__Lateral_habenula_left	-1	958	186	LHB-L	LH	04758078239303493999	53700975	0.134962875	-2.05562485933632	-2.58935923628998	7	EPI-TPA-THA-DIE-BRS-GRY-BRN	1	1	114	85	265
72	CMT__Centromedian_nucleus_left	-1	51	599	CMT-L	CM	09986602730289019437	2614278701	0.106498125	-1.60270741562351	-3.59809356678815	7	ILM-TPA-THA-DIE-BRS-GRY-BRN	1	1	113	72	252
73	PCN__Paracentral_nucleus_left	-1	51	907	PCN-L	PCN	00252500933877381348	4114036964	0.1161	-1.81124360465116	-3.51889404069768	7	ILM-TPA-THA-DIE-BRS-GRY-BRN	1	1	112	73	253
71	CLT__Central_lateral_nucleus_left	-1	51	575	CLT-L	CL	07701170768257995733	3701724117	0.169857	-1.91640617548879	-2.85113501430615	7	ILM-TPA-THA-DIE-BRS-GRY-BRN	1	1	111	71	251
74	PFT__Parafascicular_thalamic_nucleus_left	-1	51	930	PFT-L	PF	10426636453685914720	2820041824	0.217414125	-2.56770677129418	-3.24106135612164	7	ILM-TPA-THA-DIE-BRS-GRY-BRN	1	1	110	74	254
75	PIT__Posterior_intralaminar_thalamic_nucleus_left	-1	51	560581563	PIT-L	PIL	08336021668474110162	2505818322	0.099869625	-3.5687660944206	-3.71850811057416	7	ILM-TPA-THA-DIE-BRS-GRY-BRN	1	1	109	75	255
78	POT__Posterior_nucleus_of_the_thalamus_left	-1	138	1020	POT-L	PO	11397838426145932361	96060489	0.56359125	-2.20355108090305	-3.09332723516378	7	LAT-TPA-THA-DIE-BRS-GRY-BRN	1	1	108	78	258
77	LPT__Lateral_posterior_thalamic_nucleus_left	-1	138	218	LPT-L	LP	01999791950945194805	482743093	0.53772525	-2.61149018364862	-2.52480904560461	7	LAT-TPA-THA-DIE-BRS-GRY-BRN	1	1	107	77	257
83	LGV__Ventral_lateral_geniculate_nucleus_left	-1	1014	178	LGV-L	LGv	00986746060906953054	2078275934	0.24493725	-2.72133029735167	-3.34692416016755	7	VGG-TPA-THA-DIE-BRS-GRY-BRN	1	1	106	83	263
63	VAL__Ventral_anterior_and_ventral_lateral_thalamic_nuclei_left	-1	637	629	VAL-L	VAL	16371887478474397427	1898043123	0.447319125	-1.39001737224515	-3.4730966092999	7	VGT-TSM-THA-DIE-BRS-GRY-BRN	1	1	105	63	243
64	VMT__Ventral_medial_thalamic_nucleus_left	-1	637	685	VMT-L	VM	14140071535762831392	4223760416	0.514441125	-1.70823697573264	-4.10830387332953	7	VGT-TSM-THA-DIE-BRS-GRY-BRN	1	1	104	64	244
67	VPL__Ventral_posterolateral_thalamic_nucleus_left	-1	709	718	VPL-L	VPL	00906956074250800384	2291797248	0.52248375	-1.77359479361798	-3.44212647761773	8	VPT-VGT-TSM-THA-DIE-BRS-GRY-BRN	1	1	103	67	247
66	VPM__Ventral_posteromedial_thalamic_nucleus_left	-1	709	733	VPM-L	VPM	13834328762446155157	1200786837	0.847341	-2.02486180814454	-3.33217071742663	8	VPT-VGT-TSM-THA-DIE-BRS-GRY-BRN	1	1	102	66	246
65	VPT__Ventral_posterior_thalamic_complex_uncharted_left	-1	709	-831925		VP	10634116396252754360	986542520	0.16056225	-2.38808929247068	-3.84333541430193	8	VPT-VGT-TSM-THA-DIE-BRS-GRY-BRN	1	1	101	65	245
82	LGD__Dorsal_lateral_geniculate_nucleus_left	-1	1008	170	LGD-L	LGd	15530368077231166108	2590904988	0.36013275	-2.71161673195509	-2.67361138080333	7	DGT-TSM-THA-DIE-BRS-GRY-BRN	1	1	100	82	262
81	MGM__Medial_geniculate_nucleus_medial_left	-1	475	1088	MGM-L	MGm	14063658973372854786	3860836866	0.127332	-3.24839654898219	-3.43524896628499	8	MGN-DGT-TSM-THA-DIE-BRS-GRY-BRN	1	1	99	81	261
80	MGV__Medial_geniculate_nucleus_ventral_left	-1	475	1079	MGV-L	MGv	08583432361271045477	1864838501	0.149077125	-3.46623978402119	-3.37065865613185	8	MGN-DGT-TSM-THA-DIE-BRS-GRY-BRN	1	1	98	80	260
79	MGD__Medial_geniculate_nucleus_dorsal_left	-1	475	1072	MGD-L	MGd	05472031539490318449	1863182449	0.08644725	-3.62098910751932	-3.08024631061139	8	MGN-DGT-TSM-THA-DIE-BRS-GRY-BRN	1	1	97	79	259
58	THA__Thalamus_uncharted_left	-1	549	-759950		TH	14229254187056070282	372735626	1.5674985	-2.4195095318273	-3.55730829551033	5	THA-DIE-BRS-GRY-BRN	1	1	96	58	238
93	SCH__Suprachiasmatic_nucleus_left	-1	141	286	SCH-L	SCH	17875465899956545247	428123871	0.029932875	-0.533121828842035	-5.75800614499944	6	PVR-HYP-DIE-BRS-GRY-BRN	1	1	95	93	273
87	HYP__Hypothalamus_uncharted_left	-1	1097	-214602		HY	01461801789789274422	2624291126	3.132192375	-1.01876673253906	-5.11746696539114	5	HYP-DIE-BRS-GRY-BRN	1	1	94	87	267
95	PVH__Paraventricular_nucleus_of_the_hypothalamus_left	-1	157	38	PVH-L	PVH	15196967299391016557	3882733165	0.13006575	-0.819994940059162	-4.64542199906586	6	PVZ-HYP-DIE-BRS-GRY-BRN	1	1	93	95	275
94	ARC__Arcuate_nucleus_left	-1	157	223	ARC-L	ARH	12002461826208037034	1834023082	0.106180875	-1.66371722132164	-6.02200052445886	6	PVZ-HYP-DIE-BRS-GRY-BRN	1	1	92	94	274
96	LPO__Lateral_preoptic_area_left	-1	290	226	LPO-L	LPO	01705171107317816683	1961893227	0.2726055	-0.079509359679097	-5.03006217501114	6	LHY-HYP-DIE-BRS-GRY-BRN	1	1	91	96	276
98	LHA__Lateral_hypothalamus_left	-1	290	194	LHA-L	LHA	11937014354215666455	1707311895	1.06650675	-1.43256925589078	-5.01276139707977	6	LHY-HYP-DIE-BRS-GRY-BRN	1	1	90	98	278
97	TUB__Tuberal_nucleus_left	-1	290	614	TUB-L	TU	03689220370994513745	2403551057	0.20778525	-1.56860028262353	-5.82579680343047	6	LHY-HYP-DIE-BRS-GRY-BRN	1	1	89	97	277
99	SUT__Subthalamic_nucleus_left	-1	290	470	SUT-L	STN	12508380268182045495	3900638007	0.09504675	-2.17069402031106	-4.53042653220652	6	LHY-HYP-DIE-BRS-GRY-BRN	1	1	88	99	279
100	ZIN__Zona_incerta_left	-1	290	797	ZIN-L	ZI	10259154235076094274	3852970306	1.008385875	-2.27743773031083	-4.18088788611056	6	LHY-HYP-DIE-BRS-GRY-BRN	1	1	87	100	280
88	MPO__Medial_preoptic_nucleus_left	-1	467	515	MPO-L	MPN	03611386558693708997	4052686021	0.230954625	-0.125905693326125	-5.07601852230714	6	MEZ-HYP-DIE-BRS-GRY-BRN	1	1	86	88	268
89	AHY__Anterior_hypothalamic_nucleus_left	-1	467	88	AHY-L	AHN	10588657814793893786	1928607642	0.3881655	-0.741667739018538	-5.28250562549995	6	MEZ-HYP-DIE-BRS-GRY-BRN	1	1	85	89	269
90	VMH__Ventromedial_hypothalamic_nucleus_left	-1	467	693	VMH-L	VMH	15397124975636011680	2132040352	0.250590375	-1.49782842193161	-5.75050272057536	6	MEZ-HYP-DIE-BRS-GRY-BRN	1	1	84	90	270
91	PHY__Posterior_hypothalamic_nucleus_left	-1	467	946	PHY-L	PH	14831841821318190606	3564377614	0.38471625	-2.33648420914115	-4.77365189928941	6	MEZ-HYP-DIE-BRS-GRY-BRN	1	1	83	91	271
92	MBO__Mammillary_body_left	-1	467	331	MBO-L	MBO	17130281346428280320	3696991744	0.52988175	-2.80558231742271	-5.39229046126801	6	MEZ-HYP-DIE-BRS-GRY-BRN	1	1	82	92	272
113	IPN__Interpeduncular_nucleus_left	-1	-506868	100	IPN-L	IPN	15742709902431177685	1886342101	0.1809945	-3.6777550906243	-4.83286870664578	4	RVG-BRS-GRY-BRN	1	1	81	113	293
131	RVG__Raphe_ventral_group_uncharted_left	-1	-506868	-267101		RVC	12119091496778775359	2985605951	0.476431875	-4.45820406970566	-4.59342816916375	4	RVG-BRS-GRY-BRN	1	1	80	131	311
107	PRT__Pretectum_left	-1	323	1100	PRT-L	PRT	00027926343011108591	1796048623	1.049999625	-3.24591395836213	-2.56609605092716	5	MBM-MID-BRS-GRY-BRN	1	1	79	107	287
114	VTA__Ventral_tegmental_area_left	-1	323	749	VTA-L	VTA	10779953858019474034	1381644914	0.219402	-3.29794886783165	-4.56884480371647	5	MBM-MID-BRS-GRY-BRN	1	1	78	114	294
116	SNR__Substantia_nigra_reticulata_left	-1	323	381	SNR-L	SNr	09040770994179118153	3014890569	0.676501875	-3.41462789044376	-4.58448473396692	5	MBM-MID-BRS-GRY-BRN	1	1	77	116	296
110	RED__Red_nucleus_left	-1	323	214	RED-L	RN	18248555710752903208	3814346792	0.366913125	-3.80048523662788	-3.86087299360714	5	MBM-MID-BRS-GRY-BRN	1	1	76	110	290
108	OMN__Oculomotor_nucleus_left	-1	323	-769213	OMN-L	IIIR	17355278778821806255	3716974767	0.024350625	-4.07824636174636	-3.4389261954262	5	MBM-MID-BRS-GRY-BRN	1	1	75	108	288
111	MRN__Midbrain_reticular_formation_left	-1	323	128	MRN-L	MRN	10788359617427753398	2985511350	2.650471875	-4.12688265686181	-3.49650599751695	5	MBM-MID-BRS-GRY-BRN	1	1	74	111	291
102	SCM__Superior_colliculus_motor_related_left	-1	323	294	SCM-L	SCm	10919219517227145622	1691752854	2.718451125	-4.47116197497849	-2.09159342282179	5	MBM-MID-BRS-GRY-BRN	1	1	73	102	282
109	PAG__Periaqueductal_gray_left	-1	323	795	PAG-L	PAG	09331241223189842614	364268214	2.217186	-4.57413224719306	-2.78790629642709	5	MBM-MID-BRS-GRY-BRN	1	1	72	109	289
112	CUN__Cuneiform_nucleus_left	-1	323	616	CUN-L	CUN	15609783823045489959	3510891815	0.294354	-5.38221432993946	-3.16129942900385	5	MBM-MID-BRS-GRY-BRN	1	1	71	112	292
115	SNC__Substantia_nigra_compacta_left	-1	348	374	SNC-L	SNc	12366735273271723176	2460452008	0.09250875	-3.33717128785115	-4.55274899671653	5	MBB-MID-BRS-GRY-BRN	1	1	70	115	295
106	PPN__Pedunculopontine_nucleus_left	-1	348	1052	PPN-L	PPN	18187257344911875904	3927318336	0.49368825	-4.8588112703209	-3.93523419789716	5	MBB-MID-BRS-GRY-BRN	1	1	69	106	286
117	DRN__Dorsal_raphe_nucleus_left	-1	165	872	DRN-L	DR	13870892860789018853	3570716901	0.066450375	-5.02393836660064	-3.50771758342222	6	RAM-MBB-MID-BRS-GRY-BRN	1	1	68	117	297
105	PBG__Parabigeminal_nucleus_left	-1	339	874	PBG-L	PBG	00323528255975220823	338978391	0.0155655	-4.52443408499566	-3.50706569817867	5	MBS-MID-BRS-GRY-BRN	1	1	67	105	285
101	SCS__Superior_colliculus_sensory_related_left	-1	339	302	SCS-L	SCs	08174446290205416671	1127488735	1.0330065	-4.55648144578471	-1.385371871692	5	MBS-MID-BRS-GRY-BRN	1	1	66	101	281
103	ICO__Inferior_colliculus_uncharted_left	-1	4	-292733		IC	11928744495325451454	3561297086	1.754328375	-5.72459586938078	-1.90392163250937	6	ICO-MBS-MID-BRS-GRY-BRN	1	1	65	103	283
104	ICC__Inferior_colliculus_central_nucleus_left	-1	4	811	ICC-L	ICc	16735719426163597487	18210991	0.580651875	-5.8666641431021	-2.19856611642303	6	ICO-MBS-MID-BRS-GRY-BRN	1	1	64	104	284
136	DEN__Dentate_nucleus_left	-1	519	846	DEN-L	DN	00913323574540599182	3111878542	0.15186825	-6.32334559313747	-4.01854066847416	4	CBN-CBL-GRY-BRN	1	1	63	136	316
139	VCN__Vestibulocerebellar_nucleus_left	-1	519	589508455	VCN-L	VeCB	02399136891282486645	2624419189	0.05789475	-6.66484522560336	-3.86488509968521	4	CBN-CBL-GRY-BRN	1	1	62	139	319
137	INP__Interposed_nucleus_left	-1	519	91	INP-L	IP	16141208281640893594	2429320346	0.43728525	-6.81782130342837	-3.71060487319204	4	CBN-CBL-GRY-BRN	1	1	61	137	317
138	FAS__Fastigial_nucleus_left	-1	519	989	FAS-L	FN	12940764373561650913	2016161505	0.27780975	-7.09356221298928	-3.50564811575188	4	CBN-CBL-GRY-BRN	1	1	60	138	318
134	PFL__Paraflocculus_left	-1	1073	1041	PFL-L	PFL	01467055076361566340	3027695748	2.004692625	-6.25349576923919	-4.8608221119123	5	CBH-CBX-CBL-GRY-BRN	1	1	59	134	314
132	CBH__Cerebellar_hemisphere_uncharted_left	-1	1073	-101871		HEM	06737616207224605754	948538426	11.02545675	-7.15448075824614	-3.09628648660066	5	CBH-CBX-CBL-GRY-BRN	1	1	58	132	312
133	VER__Vermus_of_cerebellum_left	-1	528	645	VER-L	VERM	04751946879356333230	2274323630	8.380654875	-7.10013889677535	-2.54282227603813	4	CBX-CBL-GRY-BRN	1	1	57	133	313
135	FLN__Flocculonodular_lobe_left	-1	528	-436393	FLN-L	FLNOD	16371723055514057162	3170695626	2.567619	-7.57129436259819	-4.27439505978107	4	CBX-CBL-GRY-BRN	1	1	56	135	315
129	TRN__Tegmental_pontine_reticular_nucleus_left	-1	987	574	TRN-L	TRN	17177449175018544967	3226378055	0.370585125	-3.58420855987541	-4.93709594000164	6	PNM-PON-HBR-BRS-GRY-BRN	1	1	55	129	309
124	PNG__Pontine_gray_left	-1	987	931	PNG-L	PG	05945476614580512119	7775607	0.455810625	-3.93088177038984	-5.73443713672208	6	PNM-PON-HBR-BRS-GRY-BRN	1	1	54	124	304
125	TMN__Trigeminal_motor_nucleus_left	-1	987	-902929	TMN-L	VMc	10394967676591181484	3873607340	0.45800775	-5.2497456265751	-4.95978796810753	6	PNM-PON-HBR-BRS-GRY-BRN	1	1	53	125	305
127	DTG__Dorsal_tegmental_nucleus_left	-1	987	880	DTG-L	DTN	09964001247501368115	3537779507	0.04706775	-5.61749820737129	-3.84033063243941	6	PNM-PON-HBR-BRS-GRY-BRN	1	1	52	127	307
123	PCG__Pontine_central_gray_left	-1	987	898	PCG-L	PCG	14094298841397653639	397734023	0.252493875	-5.81924388141098	-4.08792690441501	6	PNM-PON-HBR-BRS-GRY-BRN	1	1	51	123	303
130	PNR__Pontine_reticular_formation_left	-1	771	-162157	PNR-L	PRF	10138268989551991101	1603983677	2.793767625	-4.95946389029492	-5.22318494158493	5	PON-HBR-BRS-GRY-BRN	1	1	50	130	310
118	PON__Pons_uncharted_left	-1	771	-357023		P	12295058118242721134	1856232814	1.744527375	-5.07998370565122	-4.9868405881636	5	PON-HBR-BRS-GRY-BRN	1	1	49	118	298
119	NLL__Nucleus_of_the_lateral_lemniscus_left	-1	1132	612	NLL-L	NLL	07776883646113712819	4062644915	0.375148125	-4.46440103908956	-4.74734575592641	6	PNS-PON-HBR-BRS-GRY-BRN	1	1	48	119	299
120	SOC__Superior_olivary_complex_left	-1	1132	398	SOC-L	SOC	10010531451706566231	936928855	0.3920805	-4.95416343869435	-6.23248254312571	6	PNS-PON-HBR-BRS-GRY-BRN	1	1	47	120	300
122	PSV__Principal_sensory_nucleus_of_the_trigeminal_left	-1	1132	7	PSV-L	PSV	16437239825701876656	2195534768	0.40221225	-5.29115822243107	-5.13471704398611	6	PNS-PON-HBR-BRS-GRY-BRN	1	1	46	122	302
121	PBN__Parabrachial_nucleus_left	-1	1132	867	PBN-L	PB	11608289070585447296	105612160	0.68873625	-5.56295361885627	-3.97182123781056	6	PNS-PON-HBR-BRS-GRY-BRN	1	1	45	121	301
128	LTG__Laterodorsal_tegmental_nucleus_left	-1	1117	162	LTG-L	LDT	12733634626187364009	293799593	0.094773375	-5.56697491186211	-3.69003306506179	6	PNB-PON-HBR-BRS-GRY-BRN	1	1	44	128	308
154	MRB__Medulla_raphe_behavioral_state_related_left	-1	354	379	MRB-L	MY-sat	10658724375020237987	3286299811	0.106842375	-6.21660762232682	-6.26544001326721	5	MYA-HBR-BRS-GRY-BRN	1	1	43	154	334
126	cn7__Facial_motor_nucleus_cranial_nerve_VII_left	-1	370	661	cn7-L	VII	06514309364957978599	1733435367	0.450711	-5.99869586054035	-6.33630102438148	6	MYM-MYA-HBR-BRS-GRY-BRN	1	1	42	126	306
145	VES__Vestibular_nuclei_uncharted_left	-1	701	-165021		VNC	12754343060899969336	1080637752	1.28964825	-6.52976967847628	-4.4703580909562	7	VES-MYM-MYA-HBR-BRS-GRY-BRN	1	1	41	145	325
146	MVN__Spinal_vestibular_nucleus_medial_vestibular_nucleus_left	-1	701	225	MVN-L	SPIV	04587278202796884640	2476327584	0.420865875	-7.01673364688334	-4.60825978540669	7	VES-MYM-MYA-HBR-BRS-GRY-BRN	1	1	40	146	326
153	IRN__Intermediate_reticular_nucleus_medullary_left	-1	370	136	IRN-L	IRN	02497780387659887284	1567077044	1.646004375	-6.98177598650824	-5.75580648650311	6	MYM-MYA-HBR-BRS-GRY-BRN	1	1	39	153	333
152	MRZ__Medullary_reticular_zone_left	-1	370	-952830	MRZ-L	MRz	03443184707987702641	3349807985	5.1576885	-7.07271445435295	-5.87513585489895	6	MYM-MYA-HBR-BRS-GRY-BRN	1	1	38	152	332
149	PHG__Perihypoglossal_nuclei_left	-1	370	154	PHG-L	PHY	17562767044547751710	1395961630	0.1585575	-7.0848282247765	-4.87384802043423	6	MYM-MYA-HBR-BRS-GRY-BRN	1	1	37	149	329
148	ION__Inferior_olivary_nucleus_left	-1	370	83	ION-L	IO	08617989826148243321	964630393	0.1926855	-7.43753827156169	-6.61676893435157	6	MYM-MYA-HBR-BRS-GRY-BRN	1	1	36	148	328
150	DMX__Dorsal_nucleus_of_the_vagus_left	-1	370	839	DMX-L	DMX	14774415308387067992	3699451992	0.107638875	-8.18955295832941	-5.15649501458	6	MYM-MYA-HBR-BRS-GRY-BRN	1	1	35	150	330
151	HGN__Hypoglossal_nucleus_left	-1	370	773	HGN-L	XII	12341814669357585417	1388549129	0.16003575	-8.22824054156649	-5.46399221814501	6	MYM-MYA-HBR-BRS-GRY-BRN	1	1	34	151	331
140	NTB__Nucleus_of_the_trapezoid_body_medial_MNTB_left	-1	386	642	NTB-L	NTB	04665950872173238565	3545192741	0.047523375	-4.92176177118102	-6.30303802996946	6	MYS-MYA-HBR-BRS-GRY-BRN	1	1	33	140	320
144	VCO__Ventral_cochlear_nucleus_left	-1	607	101	VCO-L	VCO	03319019461197242737	1933910385	0.410140125	-5.69950896126659	-5.18442114249978	7	CON-MYS-MYA-HBR-BRS-GRY-BRN	1	1	32	144	324
143	DCO__Dorsal_cochlear_nucleus_left	-1	607	96	DCO-L	DCO	16910731644281039716	1700014948	0.234606375	-6.38539132967934	-4.62954484053343	7	CON-MYS-MYA-HBR-BRS-GRY-BRN	1	1	31	143	323
141	STN__Spinal_trigeminal_nucleus_left	-1	386	-105183	STN-L	SPVr	10268957181605863332	1062231972	2.72831625	-7.63267481661079	-5.49905991538738	6	MYS-MYA-HBR-BRS-GRY-BRN	1	1	30	141	321
142	NTS__Nucleus_of_the_solitary_tract_left	-1	386	651	NTS-L	NTS	14498144678684294774	1395818102	0.488426625	-7.71198258348938	-5.01615635472882	6	MYS-MYA-HBR-BRS-GRY-BRN	1	1	29	142	322
147	DCN__Dorsal_column_nuclei_left	-1	386	720	DCN-L	DCN	16111051364086343042	175138178	0.19280025	-8.50065329272135	-5.01788845709484	6	MYS-MYA-HBR-BRS-GRY-BRN	1	1	28	147	327
2	GRY__Gray_matter_uncharted_left	-1	8	-656542		grey	16527822539164786925	4254900461	4.463893125	-4.83190954231515	-4.08409461605054	2	GRY-BRN	1	1	27	2	182
158	aco__anterior_commissure_left	-1	1009	-246970	aco-L	ac	05667019417497502693	2469266405	0.50007375	1.07918698117028	-4.02741354525208	2	wmt-BRN	1	1	26	158	338
157	cng__cingulum_left	-1	768	940	cng-L	cing	07169439047143386624	4224445952	0.35694	-1.67968622352496	-1.28597867813918	5	mbc-mfo-fbw-wmt-BRN	1	1	25	157	337
163	stm__stria_terminalis_left	-1	768	301	stm-L	st	15186659235980606561	3716643937	0.318616875	-1.7890096128383	-3.42992481860071	5	mbc-mfo-fbw-wmt-BRN	1	1	24	163	343
162	foc__fornix_columns_left	-1	737	436	foc-L	fx	11500868310493098314	1333588298	0.1081215	-0.709867336746161	-4.40044094144088	7	fop-for-mbc-mfo-fbw-wmt-BRN	1	1	23	162	342
161	fim__fimbria_left	-1	1099	603	fim-L	fi	00250306174862337535	3452020223	1.06345575	-1.5626490012631	-2.49543379520022	6	for-mbc-mfo-fbw-wmt-BRN	1	1	22	161	341
160	dhc__dorsal_hippocampal_commissure_left	-1	618	443	dhc-L	dhc	04895177479247376545	1258827937	0.3442365	-3.4978583964077	-1.61584063100514	7	hic-for-mbc-mfo-fbw-wmt-BRN	1	1	21	160	340
166	hit__habenulointerpeduncular_tract_fasciculus_retroflexus_left	-1	1083	595	hit-L	fr	05919648793030908764	2947373916	0.050466375	-2.71316240888116	-3.7037618203705	6	mbe-mbh-mfo-fbw-wmt-BRN	1	1	20	166	346
165	mfb__medial_forebrain_bundle_left	-1	824	54	mfb-L	mfb	03314761891621463638	3373885014	0.02191725	-2.79983831228827	-4.8796487526948	5	mbh-mfo-fbw-wmt-BRN	1	1	19	165	345
156	cca__corpus_callosum_left	-1	983	-328650	cca-L	cc	15131272742956776690	192756978	4.09485375	-1.36356510397349	-1.98463871374527	4	lbu-fbw-wmt-BRN	1	1	18	156	336
164	lbt__lateral_forebrain_bundle_thalamic_region_left	-1	983	896	lbt-L	lfbst	00698797062225562980	3356134756	0.24824475	-2.19891895750061	-3.10008128721755	4	lbu-fbw-wmt-BRN	1	1	17	164	344
168	cst__corticospinal_tract_left	-1	983	784	cst-L	cst	06202562048394224812	131818668	1.9940985	-3.01037149399842	-4.70351893900928	4	lbu-fbw-wmt-BRN	1	1	16	168	348
155	wmt__white_matter_uncharted_left	-1	1009	-834615		fiber tracts	10083493525897336221	3926906269	9.02599875	-3.43961950291096	-3.71761559357905	2	wmt-BRN	1	1	15	155	335
159	otc__optic_tract_and_chiasm_left	-1	848	-544659	otc-L	optc	14758336074039219999	1626396447	0.520833375	-0.991571642874268	-5.32309409283247	4	opn-cra-wmt-BRN	1	1	14	159	339
169	mel__medial_lemniscus_left	-1	932	697	mel-L	ml	02971106800492687957	3105698389	0.269848125	-3.67559936839472	-4.82335735726346	5	sct--cra-wmt-BRN	1	1	13	169	349
170	lem__lateral_lemniscus_left	-1	948	658	lem-L	ll	07240034768243850314	715586634	0.42960375	-4.77346146594391	-4.41216709875088	5	-cn8-cra-wmt-BRN	1	1	12	170	350
175	cVIIIn__cochlear_nerve_left	-1	933	948		cVIIIn	12097318461847365317	4113557189	0.42960375	-4.77346146594391	-4.41216709875088	4	cn8-cra-wmt-BRN	1	1	11	175	355
167	pcm__posterior_commissure_left	-1	832	158	pcm-L	pc	11556374066052271753	445976201	0.020732625	-3.20806324271529	-2.61856511476477	4	cn3-cra-wmt-BRN	1	1	10	167	347
171	mlf__medial_longitudinal_fascicle_left	-1	832	62	mlf-L	mlf	18147131171032175029	97161653	0.049183875	-5.98269831194675	-4.60671141837645	4	cn3-cra-wmt-BRN	1	1	9	171	351
174	cn5__trigeminal_nerve_cranial_nerve_V_left	-1	967	901	cn5-L	Vn	02730529463308023410	1966503538	1.881302625	-5.70985728522146	-5.51882439458006	3	cra-wmt-BRN	1	1	8	174	354
172	scp__superior_cerebellar_peduncle_left	-1	752	326	scp-L	scp	15500245098665748204	494282476	0.288964125	-5.58364174423901	-3.89540956446583	4	cbp-cbf-wmt-BRN	1	1	7	172	352
173	icp__inferior_cerebellar_peduncle_left	-1	752	1123	icp-L	icp	14168797602869664116	2910050676	0.231039	-6.46521941100853	-4.96858005141989	4	cbp-cbf-wmt-BRN	1	1	6	173	353
177	V3__third_ventricle_left	-1	73	129		V3	02156387126558577087	2764034495	0.444065625	-1.79022730381911	-2.71974681740452	2	Vnt-BRN	1	1	5	177	357
176	VL__lateral_ventricle_left	-1	73	81		VL	16944428356080724433	2118085073	1.655238375	-2.52539566940774	-3.16458116980432	2	Vnt-BRN	1	1	4	176	356
179	AQ__cerebral_aqueduct_left	-1	73	140		AQ	05114935258398026552	1978624824	0.188861625	-5.42620101324184	-2.72679839704069	2	Vnt-BRN	1	1	3	179	359
178	V4__fourth_ventricle_left	-1	73	145		V4	16088394225745393577	4026529705	0.395026875	-6.55955459438677	-4.24712309368192	2	Vnt-BRN	1	1	2	178	358
180	BRN__Brain_whole_uncharted_left	-1	997	-590525		Brain	01809260326223028726	1253777910	0.551505375	-3.43650054464564	-3.79110949519304	1	BRN-B	1	1	1	180	360
